12.2356895 123.2356894
32.2356897 123.1256897
12.3568974 123.2356897
12.3265987 23.1256897
12.2356897 123.1245789
12.2356897 123.1256897
12.1245789 123.1256897
12.2356897 123.1256897
12.2356897 123.1245896
12.2356987 123.2356897
12.2356897 123.1256897
12.2356897 -12.2356897
12.2356897 123.1256897
12.3265978 123.2356987
12.3265987 125.1236587
12.3265987 123.2156987
12.3265987 -128.2365874
12.3265987 123.2365987
12.3265987 123.2156987
12.3265987 123.2156987
12.3215487 12.2365874
12.2365987 123.2156987
26.3265987 123.2365987
44.5655555 -55.6545678
77.8888887 90.7654321
66.5555555 02.7776665
